10,229
10,113
10,153
10,243
10,127
10,185
10,169
10,193
11,13
11,17
11,9
11,6
8,7
8,17
8,16
8,8
48,4
48,1
48,3
48,2
33,3
33,1
28,3
28,1
25,3
25,1
20,3
20,2
20,1
19,3
19,2
19,1
17,3
17,2
17,1
16,3
16,2
16,1
15,3
15,2
15,1
14,2
13,2
12,3
12,2
12,1
11,30
11,25
11,24
11,20
11,12
11,11
11,10
11,3
11,2
11,1
10,309
10,237
10,227
10,145
10,139
10,135
10,121
10,71
10,3
10,2
10,1
9,7
9,5
9,3
18,1
9,2
9,1
8,18
18,3
8,14
8,13
8,12
8,10
8,5
8,4
8,3
8,2
14,1
8,1
7,16
7,15
14,3
13,1
7,14
7,12
7,11
7,6
7,4
13,3
7,3
7,2
7,1
6,7
6,6
6,5
6,4
6,3
6,2
6,1
